likelihood4=[0.0018622 0.0018622 0.0018622 0.0018622 0.0018622 0.0018622 0.0018622 0.0018622 0.0018622 0.0018622 0.0018622 0.0018622 0.0018622 0.0018622 0.0018622 0.0018622 0.0018622 0.0018622 0.0018622 0.0018622 0.0018622 0.0018622 0.0018622 0.0018622 0.0018622 0.0018622 0.0018622 0.0018622;
0.0018622 0.0018622 0.0018622 0.0018622 0.0018622 0.0018622 0.0018622 0.0018622 0.0018622 0.0018622 0.0018622 0.0018622 0.0018622 0.0018622 0.0018622 0.0018622 0.0018622 0.0018622 0.0018622 0.0018622 0.0018622 0.0018622 0.0018622 0.0018622 0.0018622 0.0018622 0.0018622 0.0018622;
0.0018622 0.0018622 0.0018622 0.0018622 0.0018622 0.0018622 0.0018622 0.0018622 0.0018622 0.0018622 0.0018622 0.0018622 0.0018622 0.0018622 0.0018622 0.00372439 0.00372439 0.00372439 0.0018622 0.0018622 0.0018622 0.0018622 0.0018622 0.0018622 0.0018622 0.0018622 0.0018622 0.0018622;
0.0018622 0.0018622 0.0018622 0.0018622 0.0018622 0.0018622 0.0018622 0.0018622 0.0018622 0.0018622 0.0018622 0.00372439 0.00372439 0.00372439 0.00372439 0.00558659 0.00558659 0.00558659 0.00558659 0.00558659 0.0111732 0.00931099 0.00744879 0.0018622 0.0018622 0.0018622 0.0018622 0.0018622;
0.0018622 0.0018622 0.0018622 0.0018622 0.00558659 0.00744879 0.00744879 0.0148976 0.0204842 0.0223464 0.0242086 0.0242086 0.0316574 0.027933 0.0223464 0.0297952 0.0372439 0.0577281 0.0651769 0.0782123 0.0893855 0.0577281 0.0484171 0.0223464 0.0130354 0.0018622 0.0018622 0.0018622;
0.0018622 0.0018622 0.0018622 0.0018622 0.00744879 0.0148976 0.0353818 0.0558659 0.0726257 0.102421 0.126629 0.130354 0.13594 0.119181 0.0893855 0.0837989 0.13594 0.16946 0.221601 0.243948 0.249534 0.195531 0.173184 0.117318 0.0726257 0.00931099 0.0018622 0.0018622;
0.0018622 0.0018622 0.0018622 0.00558659 0.0148976 0.0353818 0.0595903 0.0931099 0.148976 0.204842 0.242086 0.268156 0.273743 0.217877 0.154562 0.145251 0.195531 0.271881 0.353818 0.400372 0.389199 0.320298 0.253259 0.163873 0.0931099 0.0242086 0.00372439 0.0018622;
0.0018622 0.0018622 0.0018622 0.00744879 0.0260708 0.0446927 0.0893855 0.139665 0.225326 0.32216 0.383613 0.39851 0.38175 0.299814 0.212291 0.189944 0.255121 0.353818 0.454376 0.50838 0.44879 0.379888 0.270019 0.147114 0.0819367 0.0260708 0.00744879 0.0018622;
0.0018622 0.0018622 0.0018622 0.00931099 0.027933 0.0595903 0.106145 0.189944 0.283054 0.402235 0.487896 0.495345 0.459963 0.335196 0.221601 0.204842 0.286778 0.418994 0.547486 0.573557 0.506518 0.394786 0.236499 0.145251 0.0577281 0.0148976 0.00558659 0.0018622;
0.0018622 0.0018622 0.0018622 0.0111732 0.0335196 0.0689013 0.126629 0.230912 0.35568 0.495345 0.562384 0.558659 0.484171 0.320298 0.206704 0.199255 0.318436 0.512104 0.621974 0.642458 0.528864 0.348231 0.206704 0.106145 0.027933 0.0148976 0.00372439 0.0018622;
0.0018622 0.0018622 0.0018622 0.0111732 0.0316574 0.0782123 0.160149 0.27933 0.452514 0.594041 0.664804 0.594041 0.437616 0.256983 0.132216 0.193669 0.376164 0.594041 0.705773 0.679702 0.506518 0.296089 0.158287 0.0614525 0.0148976 0.00558659 0.0018622 0.0018622;
0.0018622 0.0018622 0.00372439 0.0148976 0.0428305 0.0893855 0.189944 0.394786 0.562384 0.716946 0.709497 0.543762 0.378026 0.180633 0.115456 0.223464 0.476723 0.692737 0.782123 0.672253 0.469274 0.240223 0.117318 0.0409683 0.0130354 0.0018622 0.0018622 0.0018622;
0.0018622 0.00372439 0.00372439 0.0130354 0.0465549 0.119181 0.255121 0.484171 0.66108 0.787709 0.702048 0.500931 0.301676 0.165736 0.175047 0.299814 0.603352 0.785847 0.823091 0.659218 0.428305 0.20298 0.0968343 0.0391061 0.0167598 0.00372439 0.0018622 0.0018622;
0.0018622 0.00372439 0.00372439 0.0111732 0.0484171 0.143389 0.350093 0.577281 0.763501 0.851024 0.72067 0.538175 0.340782 0.307263 0.333333 0.500931 0.757914 0.873371 0.849162 0.66108 0.433892 0.230912 0.122905 0.0614525 0.0260708 0.00372439 0.0018622 0.0018622;
0.0018622 0.00372439 0.00372439 0.0167598 0.0577281 0.20298 0.435754 0.64432 0.804469 0.869646 0.826816 0.703911 0.595903 0.566108 0.571695 0.724395 0.893855 0.927374 0.849162 0.655493 0.44879 0.260708 0.167598 0.0744879 0.0335196 0.00372439 0.0018622 0.0018622;
0.0018622 0.0018622 0.00372439 0.0167598 0.0558659 0.221601 0.459963 0.670391 0.791434 0.851024 0.867784 0.851024 0.819367 0.802607 0.828678 0.873371 0.94041 0.938547 0.819367 0.635009 0.400372 0.249534 0.150838 0.0651769 0.0242086 0.00372439 0.00372439 0.0018622;
0.0018622 0.0018622 0.0018622 0.0130354 0.0558659 0.210428 0.420857 0.58473 0.707635 0.774674 0.808194 0.819367 0.798883 0.81378 0.843575 0.893855 0.945996 0.903166 0.757914 0.541899 0.325885 0.199255 0.102421 0.0502793 0.0223464 0.00372439 0.00372439 0.0018622;
0.0018622 0.0018622 0.0018622 0.00372439 0.0260708 0.148976 0.277467 0.404097 0.493482 0.540037 0.553073 0.581006 0.579143 0.64432 0.724395 0.81378 0.86406 0.783985 0.597765 0.387337 0.238361 0.137803 0.0595903 0.0260708 0.0167598 0.00558659 0.00372439 0.0018622;
0.0018622 0.0018622 0.0018622 0.0018622 0.0130354 0.0726257 0.13594 0.206704 0.242086 0.266294 0.283054 0.3054 0.374302 0.49162 0.614525 0.731844 0.724395 0.629423 0.39851 0.270019 0.154562 0.0875233 0.0391061 0.0130354 0.00372439 0.0018622 0.00372439 0.0018622;
0.0018622 0.0018622 0.0018622 0.0018622 0.00372439 0.027933 0.0633147 0.0707635 0.0763501 0.0893855 0.106145 0.158287 0.294227 0.420857 0.553073 0.627561 0.620112 0.510242 0.335196 0.225326 0.124767 0.0707635 0.0316574 0.00931099 0.00372439 0.0018622 0.0018622 0.0018622;
0.0018622 0.0018622 0.0018622 0.0018622 0.00372439 0.0111732 0.0223464 0.027933 0.0391061 0.0502793 0.0837989 0.182495 0.288641 0.428305 0.519553 0.540037 0.540037 0.428305 0.299814 0.210428 0.122905 0.0707635 0.0353818 0.0111732 0.00372439 0.0018622 0.0018622 0.0018622;
0.0018622 0.0018622 0.0018622 0.0018622 0.0018622 0.0018622 0.00558659 0.0111732 0.0242086 0.0428305 0.108007 0.204842 0.318436 0.417132 0.459963 0.463687 0.472998 0.364991 0.271881 0.216015 0.128492 0.0763501 0.0391061 0.0167598 0.00558659 0.00372439 0.0018622 0.0018622;
0.0018622 0.0018622 0.0018622 0.0018622 0.0018622 0.00372439 0.00372439 0.0167598 0.0260708 0.0670391 0.148976 0.232775 0.335196 0.396648 0.413408 0.413408 0.404097 0.351955 0.266294 0.216015 0.124767 0.0744879 0.0409683 0.018622 0.00744879 0.00372439 0.0018622 0.0018622;
0.0018622 0.0018622 0.0018622 0.0018622 0.0018622 0.00372439 0.00931099 0.0148976 0.0391061 0.0949721 0.158287 0.238361 0.310987 0.366853 0.357542 0.368715 0.344507 0.324022 0.253259 0.18622 0.124767 0.0707635 0.0335196 0.0167598 0.00744879 0.0018622 0.0018622 0.0018622;
0.0018622 0.0018622 0.0018622 0.0018622 0.0018622 0.0018622 0.00744879 0.0111732 0.0316574 0.0837989 0.128492 0.178771 0.214153 0.230912 0.251397 0.240223 0.22905 0.212291 0.165736 0.117318 0.0726257 0.0353818 0.0204842 0.0130354 0.00558659 0.0018622 0.0018622 0.0018622;
0.0018622 0.0018622 0.0018622 0.0018622 0.0018622 0.0018622 0.0018622 0.00558659 0.0111732 0.0316574 0.0353818 0.0335196 0.0391061 0.0595903 0.0837989 0.0856611 0.0707635 0.0465549 0.027933 0.0223464 0.018622 0.00931099 0.00558659 0.00558659 0.00372439 0.0018622 0.0018622 0.0018622;
0.0018622 0.0018622 0.0018622 0.0018622 0.0018622 0.0018622 0.0018622 0.0018622 0.00372439 0.00372439 0.0018622 0.0018622 0.0018622 0.00372439 0.0018622 0.00372439 0.00558659 0.00558659 0.00558659 0.00372439 0.0018622 0.0018622 0.0018622 0.0018622 0.0018622 0.0018622 0.0018622 0.0018622;
0.0018622 0.0018622 0.0018622 0.0018622 0.0018622 0.0018622 0.0018622 0.0018622 0.0018622 0.0018622 0.0018622 0.0018622 0.0018622 0.0018622 0.0018622 0.0018622 0.0018622 0.0018622 0.0018622 0.0018622 0.0018622 0.0018622 0.0018622 0.0018622 0.0018622 0.0018622 0.0018622 0.0018622];

