likelihood4=[0.00371058 0.00371058 0.00371058 0.00371058 0.00371058 0.00371058 0.00371058 0.00371058 0.00371058 0.00371058 0.00371058 0.00371058 0.00371058 0.00371058 0.00371058 0.00371058 0.00371058 0.00371058 0.00371058 0.00371058 0.00371058 0.00371058 0.00371058 0.00371058 0.00371058 0.00371058 0.00371058 0.00371058;
0.00371058 0.00371058 0.00371058 0.00371058 0.00371058 0.00371058 0.00371058 0.00371058 0.00371058 0.00371058 0.00371058 0.00371058 0.00371058 0.00371058 0.00371058 0.00371058 0.00371058 0.00371058 0.00371058 0.00371058 0.00371058 0.00371058 0.00371058 0.00371058 0.00371058 0.00371058 0.00371058 0.00371058;
0.00371058 0.00371058 0.00371058 0.00371058 0.00371058 0.00371058 0.00371058 0.00371058 0.00371058 0.00371058 0.00371058 0.00371058 0.00371058 0.00371058 0.00371058 0.00556586 0.00556586 0.00556586 0.00371058 0.00371058 0.00371058 0.00371058 0.00371058 0.00371058 0.00371058 0.00371058 0.00371058 0.00371058;
0.00371058 0.00371058 0.00371058 0.00371058 0.00371058 0.00371058 0.00371058 0.00371058 0.00371058 0.00371058 0.00371058 0.00556586 0.00556586 0.00556586 0.00556586 0.00742115 0.00742115 0.00742115 0.00742115 0.00742115 0.012987 0.0111317 0.00927644 0.00371058 0.00371058 0.00371058 0.00371058 0.00371058;
0.00371058 0.00371058 0.00371058 0.00371058 0.00742115 0.00927644 0.00927644 0.0166976 0.0222635 0.0241187 0.025974 0.025974 0.0333952 0.0296846 0.0241187 0.0315399 0.038961 0.0593692 0.0667904 0.0797774 0.0909091 0.0593692 0.0500928 0.0241187 0.0148423 0.00371058 0.00371058 0.00371058;
0.00371058 0.00371058 0.00371058 0.00371058 0.00927644 0.0166976 0.0371058 0.0575139 0.0742115 0.103896 0.128015 0.131725 0.137291 0.120594 0.0909091 0.0853432 0.137291 0.170686 0.222635 0.244898 0.250464 0.19666 0.174397 0.118738 0.0742115 0.0111317 0.00371058 0.00371058;
0.00371058 0.00371058 0.00371058 0.00742115 0.0166976 0.0371058 0.0612245 0.0946197 0.150278 0.205937 0.243043 0.269017 0.274583 0.218924 0.155844 0.146568 0.19666 0.272727 0.35436 0.400742 0.38961 0.320965 0.254174 0.165121 0.0946197 0.025974 0.00556586 0.00371058;
0.00371058 0.00371058 0.00371058 0.00927644 0.0278293 0.0463822 0.0909091 0.141002 0.226345 0.32282 0.384045 0.398887 0.382189 0.300557 0.213358 0.191095 0.25603 0.35436 0.454545 0.508349 0.44898 0.380334 0.270872 0.148423 0.0834879 0.0278293 0.00927644 0.00371058;
0.00371058 0.00371058 0.00371058 0.0111317 0.0296846 0.0612245 0.107607 0.191095 0.283859 0.402597 0.487941 0.495362 0.460111 0.335807 0.222635 0.205937 0.28757 0.419295 0.54731 0.573284 0.506494 0.395176 0.237477 0.146568 0.0593692 0.0166976 0.00742115 0.00371058;
0.00371058 0.00371058 0.00371058 0.012987 0.0352505 0.0705009 0.128015 0.231911 0.356215 0.495362 0.562152 0.558442 0.48423 0.320965 0.207792 0.200371 0.319109 0.512059 0.621521 0.641929 0.528757 0.348794 0.207792 0.107607 0.0296846 0.0166976 0.00556586 0.00371058;
0.00371058 0.00371058 0.00371058 0.012987 0.0333952 0.0797774 0.16141 0.280148 0.45269 0.593692 0.664193 0.593692 0.437848 0.257885 0.133581 0.194805 0.376623 0.593692 0.705009 0.679035 0.506494 0.296846 0.159555 0.0630798 0.0166976 0.00742115 0.00371058 0.00371058;
0.00371058 0.00371058 0.00556586 0.0166976 0.0445269 0.0909091 0.191095 0.395176 0.562152 0.716141 0.70872 0.543599 0.378479 0.181818 0.116883 0.22449 0.476809 0.692022 0.781076 0.671614 0.469388 0.241187 0.118738 0.0426716 0.0148423 0.00371058 0.00371058 0.00371058;
0.00371058 0.00556586 0.00556586 0.0148423 0.0482375 0.120594 0.25603 0.48423 0.660482 0.786642 0.701299 0.500928 0.302412 0.166976 0.176252 0.300557 0.602968 0.784787 0.821892 0.658627 0.428571 0.204082 0.0983302 0.0408163 0.0185529 0.00556586 0.00371058 0.00371058;
0.00371058 0.00556586 0.00556586 0.012987 0.0500928 0.144712 0.350649 0.576994 0.762523 0.849722 0.719852 0.538033 0.341373 0.307978 0.333952 0.500928 0.756957 0.871985 0.847866 0.660482 0.434137 0.231911 0.124304 0.0630798 0.0278293 0.00556586 0.00371058 0.00371058;
0.00371058 0.00556586 0.00556586 0.0185529 0.0593692 0.204082 0.435993 0.643785 0.80334 0.868275 0.825603 0.703154 0.595547 0.565863 0.571429 0.723562 0.892393 0.925788 0.847866 0.654917 0.44898 0.261596 0.168831 0.0760668 0.0352505 0.00556586 0.00371058 0.00371058;
0.00371058 0.00371058 0.00556586 0.0185529 0.0575139 0.222635 0.460111 0.669759 0.790353 0.849722 0.866419 0.849722 0.818182 0.801484 0.827458 0.871985 0.938776 0.93692 0.818182 0.634508 0.400742 0.250464 0.152134 0.0667904 0.025974 0.00556586 0.00556586 0.00371058;
0.00371058 0.00371058 0.00371058 0.0148423 0.0575139 0.211503 0.42115 0.584416 0.706865 0.773655 0.80705 0.818182 0.797774 0.812616 0.842301 0.892393 0.944341 0.90167 0.756957 0.541744 0.326531 0.200371 0.103896 0.0519481 0.0241187 0.00556586 0.00556586 0.00371058;
0.00371058 0.00371058 0.00371058 0.00556586 0.0278293 0.150278 0.278293 0.404453 0.493506 0.539889 0.552876 0.580705 0.57885 0.643785 0.723562 0.812616 0.862709 0.782931 0.597403 0.387755 0.239332 0.139147 0.0612245 0.0278293 0.0185529 0.00742115 0.00556586 0.00371058;
0.00371058 0.00371058 0.00371058 0.00371058 0.0148423 0.0742115 0.137291 0.207792 0.243043 0.267161 0.283859 0.306122 0.374768 0.491651 0.6141 0.730983 0.723562 0.628942 0.398887 0.270872 0.155844 0.0890538 0.0408163 0.0148423 0.00556586 0.00371058 0.00556586 0.00371058;
0.00371058 0.00371058 0.00371058 0.00371058 0.00556586 0.0296846 0.0649351 0.0723562 0.0779221 0.0909091 0.107607 0.159555 0.294991 0.42115 0.552876 0.627087 0.619666 0.510204 0.335807 0.226345 0.12616 0.0723562 0.0333952 0.0111317 0.00556586 0.00371058 0.00371058 0.00371058;
0.00371058 0.00371058 0.00371058 0.00371058 0.00556586 0.012987 0.0241187 0.0296846 0.0408163 0.0519481 0.0853432 0.183673 0.289425 0.428571 0.519481 0.539889 0.539889 0.428571 0.300557 0.211503 0.124304 0.0723562 0.0371058 0.012987 0.00556586 0.00371058 0.00371058 0.00371058;
0.00371058 0.00371058 0.00371058 0.00371058 0.00371058 0.00371058 0.00742115 0.012987 0.025974 0.0445269 0.109462 0.205937 0.319109 0.41744 0.460111 0.463822 0.473098 0.365492 0.272727 0.217069 0.12987 0.0779221 0.0408163 0.0185529 0.00742115 0.00556586 0.00371058 0.00371058;
0.00371058 0.00371058 0.00371058 0.00371058 0.00371058 0.00556586 0.00556586 0.0185529 0.0278293 0.0686456 0.150278 0.233766 0.335807 0.397032 0.413729 0.413729 0.404453 0.352505 0.267161 0.217069 0.12616 0.0760668 0.0426716 0.0204082 0.00927644 0.00556586 0.00371058 0.00371058;
0.00371058 0.00371058 0.00371058 0.00371058 0.00371058 0.00556586 0.0111317 0.0166976 0.0408163 0.096475 0.159555 0.239332 0.311688 0.367347 0.358071 0.369202 0.345083 0.324675 0.254174 0.187384 0.12616 0.0723562 0.0352505 0.0185529 0.00927644 0.00371058 0.00371058 0.00371058;
0.00371058 0.00371058 0.00371058 0.00371058 0.00371058 0.00371058 0.00927644 0.012987 0.0333952 0.0853432 0.12987 0.179963 0.215213 0.231911 0.252319 0.241187 0.230056 0.213358 0.166976 0.118738 0.0742115 0.0371058 0.0222635 0.0148423 0.00742115 0.00371058 0.00371058 0.00371058;
0.00371058 0.00371058 0.00371058 0.00371058 0.00371058 0.00371058 0.00371058 0.00742115 0.012987 0.0333952 0.0371058 0.0352505 0.0408163 0.0612245 0.0853432 0.0871985 0.0723562 0.0482375 0.0296846 0.0241187 0.0204082 0.0111317 0.00742115 0.00742115 0.00556586 0.00371058 0.00371058 0.00371058;
0.00371058 0.00371058 0.00371058 0.00371058 0.00371058 0.00371058 0.00371058 0.00371058 0.00556586 0.00556586 0.00371058 0.00371058 0.00371058 0.00556586 0.00371058 0.00556586 0.00742115 0.00742115 0.00742115 0.00556586 0.00371058 0.00371058 0.00371058 0.00371058 0.00371058 0.00371058 0.00371058 0.00371058;
0.00371058 0.00371058 0.00371058 0.00371058 0.00371058 0.00371058 0.00371058 0.00371058 0.00371058 0.00371058 0.00371058 0.00371058 0.00371058 0.00371058 0.00371058 0.00371058 0.00371058 0.00371058 0.00371058 0.00371058 0.00371058 0.00371058 0.00371058 0.00371058 0.00371058 0.00371058 0.00371058 0.00371058];

